1 0.00624893 -0.00293679
2 0.0852394 -0.0488453
3 0.11287 -0.0449032
4 -0.207781 0.29808
5 -0.189029 0.0307286
6 -0.0913791 -0.059532
7 -0.223967 0.151422
8 -0.249493 0.0711525
9 -0.214465 0.0159401
10 -0.154559 -0.0157747
11 0.0300032 -0.152444
12 0.32612 -0.301271
13 0.316316 -0.0549203
14 0.168973 0.0843936
15 0.116734 0.0186287
16 0.0206489 0.0729008
17 0.12402 -0.066101
18 0.215448 -0.116442
19 0.025836 0.146283
20 -0.0696847 0.0901906
21 -0.118603 0.062823
22 -0.22045 0.125778
23 -0.253037 0.0771656
24 -0.235503 0.0338203
25 -0.215642 0.0282243
26 -0.19398 0.0226648
27 -0.143934 -0.00989379
28 -0.0880161 -0.0256779
29 -0.058201 -0.0106947
30 -0.0303931 -0.0146171
31 -0.00613346 -0.0166236
32 -0.190488 0.187348
33 -0.424775 0.274619
34 -0.384306 0.0471432
35 -0.188553 -0.116028
36 -0.0882538 -0.0596271
37 -0.0385033 -0.029096
38 -0.160168 0.132545
39 -0.137672 0.0128688
40 0.0294517 -0.13629
41 0.0997981 -0.0730476
42 0.152243 -0.0693824
43 0.229557 -0.104994
44 0.260892 -0.0747635
45 0.233502 -0.0225634
46 0.212602 -0.0301776
47 0.176956 -0.0353913
48 0.077617 0.0656596
49 0.0553971 0.008347
50 0.039309 0.00661597
51 -0.00356252 0.0210836
52 -0.0294907 0.0282844
53 -0.014162 -0.00777131
54 -0.0128314 0.00317515
55 -0.0248901 0.0163257
56 -0.0104957 -0.00770404
57 -0.00179836 0.000359673
58 0.00028061 -5.3517e-06
59 -0.0166415 0.0135616
60 -0.180479 0.0360957
61 -0.380809 0.238775
62 -0.419105 0.117268
63 -0.0802929 -0.252092
64 0.0729292 -0.134345
65 -0.0852838 0.14654
66 0.274344 -0.33996
67 0.52769 -0.306185
68 0.196348 0.227619
69 0.0599748 0.098852
70 0.220713 -0.171228
71 0.0596422 0.118369
72 -0.170987 0.220329
73 0.000609766 -0.135772
74 0.0189788 -0.0168844
75 -0.215663 0.23269
76 -0.057749 -0.112874
77 0.137351 -0.181794
78 -0.238939 0.350839
79 -0.130201 -0.0587875
80 0.435895 -0.538373
81 -0.315271 0.666016
82 -0.205464 -0.0444974
83 1.15819 -1.2
84 0.31516 0.612027
85 -0.762406 1.01601
86 0.965615 -1.2
87 1.97718 -1.2
88 0.673434 0.905805
89 -0.107755 0.644117
90 1.08058 -1.17036
91 0.918852 -0.12825
92 0.895089 -0.165577
93 0.93773 -0.22826
94 0.846957 -0.104306
95 0.795904 -0.126747
96 0.769092 -0.153818
97 0.73961 -0.134405
98 0.714639 -0.142928
99 0.697218 -0.139444
100 0.602675 -0.132175
101 0.532586 -0.0633161
102 -0.0644326 0.477703
103 -0.232737 0.168648
104 -0.0359896 -0.162703
105 -0.207028 0.165961
106 -0.899033 0.722124
