1 -2.26173 0 0.474209
2 -3 0 0.617906
3 0.572302 0.181217 0
4 -1.46225 0 0.339293
5 -2.46299 0 0.519834
6 -0.778291 0 0.131357
7 -1.41893 0 0.307411
8 -1.81617 0 0.383806
9 -1.37949 0 0.281173
10 -1.34226 0 0.283058
11 -1.57851 0 0.337354
12 -1.47661 0 0.311689
13 -1.38534 0 0.295033
14 -1.46636 0 0.31615
15 -1.49337 0 0.321963
16 -1.37214 0 0.296126
17 -1.50392 0 0.353353
18 -1.2429 0 0.270228
19 -1.42085 0 0.316018
20 -1.5637 0 0.34545
21 -1.27027 0 0.27931
22 -1.41303 0 0.317998
23 -1.49501 0 0.334673
24 -1.26429 0 0.283539
25 -1.35036 0 0.308441
26 -1.40322 0 0.319751
27 -1.35993 0 0.310529
28 -1.29878 0 0.299242
29 -1.35736 0 0.31471
30 -1.39533 0 0.323287
31 -1.28261 0 0.299011
32 -1.32028 0 0.310873
33 -1.34714 0 0.317377
34 -1.34457 0 0.317617
35 -1.35362 0 0.321014
36 -1.2734 0 0.304458
37 -1.28969 0 0.310935
38 -1.34622 0 0.324394
39 -1.28711 0 0.311546
40 -1.28959 0 0.314563
41 -1.28474 0 0.31473
42 -1.31745 0 0.323342
43 -1.2813 0 0.316015
44 -1.26376 0 0.314144
45 -1.2472 0 0.312098
46 -1.27522 0 0.383854
47 -0.981532 0 0.196306
48 -1.52786 0 0.383273
49 -1.439 0 0.354237
50 -1.01147 0 0.262969
51 -1.32541 0 0.409321
52 -1.01885 0 0.269209
53 -1.19783 0 0.315913
54 -1.30064 0 0.336252
55 -1.19309 0 0.311728
56 -1.23006 0 0.323243
57 -1.25703 0 0.251406
58 -1.51661 0 0.387778
59 -1.17822 0 0.393146
60 -0.732018 0 0.146404
61 -1.54279 0 0.40749
62 -1.35337 0 0.350957
63 -0.952566 0 0.26752
64 -1.25389 0 0.343082
65 -1.28806 0 0.345861
66 -1.0603 0 0.29613
67 -1.23467 0 0.340282
68 -1.17871 0 0.325662
69 -1.18155 0 0.328587
70 -1.12276 0 0.316719
71 -1.20771 0 0.337792
72 -1.14581 0 0.32362
73 -1.11603 0 0.319422
74 -1.18449 0 0.336265
75 -1.15828 0 0.330288
76 -1.09172 0 0.317261
77 -1.13869 0 0.330064
78 -1.17 0 0.337182
79 -1.15234 0 0.333823
80 -1.09619 0 0.32292
81 -1.17912 0 0.343465
82 -1.16628 0 0.340149
83 -1.05616 0 0.317236
84 -1.38369 0 0.392879
85 -1.04144 0 0.312073
86 -1.19112 0 0.35304
87 -1.2534 0 0.365002
88 -1.0597 0 0.322202
89 -0.232475 0 0.144318
90 -0.453169 0 0.209869
91 -0.729683 0 0.379803
92 0.172531 0 0.0628278
93 -0.612637 0 0.254221
94 -0.767483 0 0.273352
95 -0.540526 0 0.220865
96 -0.487884 0 0.0975768
97 -0.620953 0 0.24526
98 -0.786454 0 0.157291
99 0.2907 0.0581399 0
100 -1.89799 0 0.756594
101 0.0465616 0 0.0725515
102 -0.303722 0 0.188809
103 -1.03424 0 0.343551
104 -1.66218 0 0.46875
105 -1.09186 0 0.331813
106 -0.848759 0 0.290585
